%YAML:1.0
---
image_width: "1280"
image_height: "720"
camera_name: camera/right
camera_matrix: !!opencv-matrix
   rows: 3
   cols: 3
   dt: d
   data: [ 7.7271000000000004e+02, 0., 6.3349000000000001e+02, 0.,
       7.7260500000000002e+02, 3.5146499999999997e+02, 0., 0., 1. ]
distortion_model: equidistant
distortion_coefficients: !!opencv-matrix
   rows: 1
   cols: 4
   dt: d
   data: [ -3.4913500000000000e-02, 2.0704600000000000e-02,
       -9.1006999999999998e-03, 5.4437599999999997e-03 ]
rectification_matrix: !!opencv-matrix
   rows: 3
   cols: 3
   dt: d
   data: [ 9.9998965203597967e-01, 4.4860581342412251e-03,
       -7.5571381902098415e-04, -4.4843458039472879e-03,
       9.9998740835820754e-01, 2.2525025518986335e-03,
       7.6580916073862434e-04, -2.2490903609899541e-03,
       9.9999717756045547e-01 ]
projection_matrix: !!opencv-matrix
   rows: 3
   cols: 4
   dt: d
   data: [ 7.9889381676333414e+02, 0., 6.5510783386230469e+02,
       -3.8781108576118422e+04, 0., 7.9889381676333414e+02,
       3.4012586212158203e+02, 0., 0., 0., 1., 0. ]
