[LEFT_CAM_2K]
fx=1543.25
fy=1543.29
cx=1113.34
cy=633.147
k1=-0.0357582
k2=0.0273449
k3=-0.0240526
k4=0.0174473

[RIGHT_CAM_2K]
fx=1545.42
fy=1545.21
cx=1093.98
cy=606.93
k1=-0.0349135
k2=0.0207046
k3=-0.0091007
k4=0.00544376

[LEFT_CAM_FHD]
fx=1543.25
fy=1543.29
cx=969.34
cy=552.147
k1=-0.0357582
k2=0.0273449
k3=-0.0240526
k4=0.0174473

[RIGHT_CAM_FHD]
fx=1545.42
fy=1545.21
cx=949.98
cy=525.93
k1=-0.0349135
k2=0.0207046
k3=-0.0091007
k4=0.00544376

[LEFT_CAM_HD]
fx=771.625
fy=771.645
cx=643.17
cy=364.5735
k1=-0.0357582
k2=0.0273449
k3=-0.0240526
k4=0.0174473

[RIGHT_CAM_HD]
fx=772.71
fy=772.605
cx=633.49
cy=351.465
k1=-0.0349135
k2=0.0207046
k3=-0.0091007
k4=0.00544376

[LEFT_CAM_VGA]
fx=385.8125
fy=385.8225
cx=337.085
cy=189.78675
k1=-0.0357582
k2=0.0273449
k3=-0.0240526
k4=0.0174473

[RIGHT_CAM_VGA]
fx=386.355
fy=386.3025
cx=332.245
cy=183.2325
k1=-0.0349135
k2=0.0207046
k3=-0.0091007
k4=0.00544376

[STEREO]
Baseline=62.9101
TY=-0.217769
TZ=0.036685
CV_2K=0.00726916
CV_FHD=0.00726916
CV_HD=0.00726916
CV_VGA=0.00726916
RX_2K=0.00448561
RX_FHD=0.00448561
RX_HD=0.00448561
RX_VGA=0.00448561
RZ_2K=0.000780593
RZ_FHD=0.000780593
RZ_HD=0.000780593
RZ_VGA=0.000780593

