%YAML:1.0
---
image_width: "1280"
image_height: "720"
camera_name: camera/left
camera_matrix: !!opencv-matrix
   rows: 3
   cols: 3
   dt: d
   data: [ 7.7162500000000000e+02, 0., 6.4316999999999996e+02, 0.,
       7.7164499999999998e+02, 3.6457350000000002e+02, 0., 0., 1. ]
distortion_model: equidistant
distortion_coefficients: !!opencv-matrix
   rows: 1
   cols: 4
   dt: d
   data: [ -3.5758199999999997e-02, 2.7344899999999998e-02,
       -2.4052600000000000e-02, 1.7447299999999999e-02 ]
rectification_matrix: !!opencv-matrix
   rows: 3
   cols: 3
   dt: d
   data: [ 9.9997199436415907e-01, 3.7183473851562367e-03,
       6.4949503531070664e-03, -3.7037190148203050e-03,
       9.9999058095249149e-01, -2.2628459421833451e-03,
       -6.5033032241532500e-03, 2.2387270986208132e-03,
       9.9997634729435092e-01 ]
projection_matrix: !!opencv-matrix
   rows: 3
   cols: 4
   dt: d
   data: [ 7.9889381676333414e+02, 0., 6.5510783386230469e+02, 0., 0.,
       7.9889381676333414e+02, 3.4012586212158203e+02, 0., 0., 0., 1.,
       0. ]
