%YAML:1.0
---
image_width: "1280"
image_height: "720"
camera_name: camera/right
camera_matrix: !!opencv-matrix
   rows: 3
   cols: 3
   dt: d
   data: [ 1.5454200000000001e+03, 0., 6.2998000000000002e+02, 0.,
       1.5452100000000000e+03, 3.4592999999999995e+02, 0., 0., 1. ]
distortion_model: equidistant
distortion_coefficients: !!opencv-matrix
   rows: 1
   cols: 4
   dt: d
   data: [ -3.4913500000000000e-02, 2.0704600000000000e-02,
       -9.1006999999999998e-03, 5.4437599999999997e-03 ]
rectification_matrix: !!opencv-matrix
   rows: 3
   cols: 3
   dt: d
   data: [ 9.9999741297887823e-01, 2.2430464753320028e-03,
       -3.7785984204712813e-04, -2.2421918356254093e-03,
       9.9999496125274256e-01, 2.2472304951024957e-03,
       3.8289858054818722e-04, -2.2463774472168850e-03,
       9.9999740358515010e-01 ]
projection_matrix: !!opencv-matrix
   rows: 3
   cols: 4
   dt: d
   data: [ 1.6307251447876449e+03, 0., 6.4416880798339844e+02,
       -1.5832101026997570e+05, 0., 1.6307251447876449e+03,
       3.5020935058593750e+02, 0., 0., 0., 1., 0. ]
