%YAML:1.0
---
image_width: "1920"
image_height: "1080"
camera_name: camera/left
camera_matrix: !!opencv-matrix
   rows: 3
   cols: 3
   dt: d
   data: [ 1.5432500000000000e+03, 0., 9.6934000000000003e+02, 0.,
       1.5432900000000000e+03, 5.5214700000000005e+02, 0., 0., 1. ]
distortion_model: equidistant
distortion_coefficients: !!opencv-matrix
   rows: 1
   cols: 4
   dt: d
   data: [ -3.5758199999999997e-02, 2.7344899999999998e-02,
       -2.4052600000000000e-02, 1.7447299999999999e-02 ]
rectification_matrix: !!opencv-matrix
   rows: 3
   cols: 3
   dt: d
   data: [ 9.9997522168780550e-01, 1.4770490002189870e-03,
       6.8829017627089510e-03, -1.4615806351845452e-03,
       9.9999639647175464e-01, -2.2518493627014177e-03,
       -6.8862030518278567e-03, 2.2417336497446462e-03,
       9.9997377707506541e-01 ]
projection_matrix: !!opencv-matrix
   rows: 3
   cols: 4
   dt: d
   data: [ 1.6087178284322963e+03, 0., 9.7648479461669922e+02, 0., 0.,
       1.6087178284322963e+03, 5.1873731231689453e+02, 0., 0., 0., 1.,
       0. ]
